123,52
123,51
123,50
123,49
123,48
123,47
123,46
123,45
123,44
123,43
123,42
123,41
123,40
123,39
123,38
123,37
123,36
123,35
3,2
3,1
3,3
10,199
10,129
10,107
10,9
10,191
10,137
10,147
10,221
9,5
8,5
8,10
8,13
8,7
8,8
8,2
8,3
116,4
116,3
116,2
116,1
116,0
101,3
101,2
101,1
101,0
94,4
94,3
94,2
94,1
94,0
78,3
78,2
78,1
78,0
73,3
73,2
73,1
73,0
20,3
20,2
20,1
19,3
19,2
19,1
18,3
18,1
13,1
14,3
13,3
14,1
12,3
12,2
12,1
11,28
11,27
11,26
11,25
11,24
11,23
11,22
11,21
11,20
11,19
11,18
11,17
11,16
11,15
11,14
11,13
11,12
11,11
11,10
11,9
11,8
11,7
11,6
11,5
11,4
11,3
11,2
11,1
10,302
10,301
10,300
10,298
10,297
10,296
10,295
10,294
10,292
10,291
10,281
10,279
10,273
10,271
10,265
10,259
10,252
10,251
10,248
